Filename: kroB100.tsp
No. of experiments: 10
No. of iterations per experiment: 100
No. of iterations in Tabu: 10
[56, 100, 26, 62, 39, 70, 67, 5, 40, 68, 1, 12, 71, 61, 83, 13, 78, 41, 44, 19, 47, 80, 20, 72, 7, 60, 87, 74, 94, 57, 34, 38, 30, 75, 37, 54, 50, 42, 2, 16, 23, 22, 17, 45, 77, 76, 91, 28, 3, 95, 98, 29, 8, 99, 97, 93, 11, 55, 24, 18, 36, 92, 96, 88, 9, 32, 59, 35, 6, 15, 51, 48, 31, 63, 14, 89, 43, 65, 79, 81, 69, 49, 86, 25, 27, 66, 4, 33, 82, 64, 90, 85, 73, 53, 10, 21, 46, 84, 58, 52] - distance: 50571.11
[90, 21, 86, 49, 30, 75, 80, 98, 59, 76, 97, 99, 8, 77, 18, 24, 55, 88, 22, 23, 96, 36, 45, 17, 78, 16, 27, 71, 32, 29, 68, 69, 26, 100, 62, 5, 53, 73, 95, 15, 51, 48, 31, 63, 13, 2, 40, 39, 70, 67, 56, 47, 19, 92, 44, 41, 50, 43, 52, 72, 10, 85, 93, 11, 3, 1, 46, 9, 25, 84, 58, 42, 82, 64, 14, 28, 91, 12, 34, 7, 57, 94, 74, 87, 4, 83, 60, 20, 38, 61, 35, 66, 6, 33, 89, 54, 37, 65, 79, 81] - distance: 51579.91
[91, 97, 99, 8, 29, 35, 61, 71, 53, 70, 39, 40, 22, 19, 44, 41, 17, 78, 13, 63, 31, 48, 51, 82, 15, 6, 4, 66, 94, 27, 57, 87, 14, 42, 16, 18, 24, 77, 55, 62, 67, 5, 69, 25, 9, 46, 98, 32, 59, 76, 7, 43, 50, 89, 60, 74, 52, 54, 72, 21, 3, 28, 11, 93, 85, 73, 95, 1, 12, 90, 38, 30, 75, 56, 100, 26, 80, 20, 84, 58, 37, 47, 81, 79, 65, 49, 86, 34, 83, 33, 64, 2, 45, 36, 92, 96, 23, 88, 68, 10] - distance: 43301.67
[51, 63, 13, 2, 83, 94, 27, 61, 66, 4, 33, 82, 48, 31, 64, 14, 54, 62, 5, 67, 40, 39, 70, 53, 10, 68, 69, 75, 30, 65, 19, 96, 55, 37, 20, 80, 72, 58, 7, 25, 9, 46, 79, 47, 23, 22, 88, 43, 89, 87, 60, 74, 57, 34, 49, 86, 38, 77, 18, 24, 81, 56, 100, 26, 73, 85, 93, 11, 3, 28, 91, 97, 99, 8, 29, 98, 95, 1, 90, 21, 52, 16, 17, 41, 44, 92, 50, 84, 71, 12, 32, 76, 59, 35, 6, 15, 42, 78, 45, 36] - distance: 45285.04
[70, 39, 67, 5, 62, 26, 100, 56, 81, 47, 23, 22, 88, 37, 90, 29, 97, 91, 28, 34, 58, 52, 43, 89, 14, 64, 83, 87, 74, 7, 84, 20, 80, 72, 4, 6, 33, 82, 96, 92, 19, 44, 41, 17, 16, 57, 94, 27, 71, 12, 1, 95, 98, 32, 35, 61, 66, 15, 51, 48, 31, 63, 2, 65, 75, 68, 10, 21, 46, 60, 42, 13, 78, 45, 36, 55, 54, 9, 25, 38, 30, 49, 86, 93, 11, 50, 77, 18, 24, 79, 69, 40, 53, 73, 85, 3, 8, 99, 76, 59] - distance: 45324.6
[79, 81, 47, 43, 89, 14, 33, 6, 83, 4, 87, 57, 34, 86, 49, 68, 53, 70, 39, 40, 26, 100, 65, 37, 88, 22, 77, 16, 2, 42, 50, 52, 58, 84, 7, 60, 74, 94, 35, 29, 91, 28, 97, 99, 95, 90, 21, 72, 54, 19, 44, 92, 96, 55, 20, 80, 10, 73, 85, 93, 18, 45, 36, 41, 17, 63, 31, 13, 78, 24, 23, 56, 62, 5, 67, 69, 64, 82, 48, 51, 15, 66, 61, 27, 9, 71, 12, 98, 32, 59, 76, 8, 11, 3, 1, 46, 25, 38, 75, 30] - distance: 45153.56
[69, 38, 58, 52, 74, 60, 87, 18, 45, 36, 17, 31, 51, 82, 43, 54, 20, 80, 75, 30, 49, 86, 68, 39, 70, 67, 5, 62, 23, 22, 55, 24, 77, 50, 46, 9, 25, 34, 84, 7, 57, 94, 61, 35, 4, 6, 15, 33, 42, 2, 13, 63, 48, 83, 27, 59, 76, 97, 99, 98, 12, 65, 47, 81, 40, 53, 73, 28, 91, 3, 72, 37, 79, 56, 26, 100, 88, 96, 19, 92, 44, 41, 78, 16, 71, 11, 93, 85, 10, 21, 90, 1, 95, 29, 8, 32, 66, 89, 14, 64] - distance: 45763.06
[45, 36, 17, 63, 31, 48, 2, 16, 81, 56, 62, 69, 3, 91, 97, 99, 8, 29, 32, 98, 27, 57, 66, 4, 6, 15, 33, 83, 87, 93, 11, 28, 76, 59, 35, 61, 94, 74, 60, 7, 58, 72, 80, 20, 21, 90, 1, 95, 67, 5, 75, 25, 9, 34, 84, 54, 37, 47, 65, 79, 100, 26, 30, 46, 71, 12, 85, 73, 53, 70, 39, 40, 10, 68, 49, 86, 38, 52, 89, 14, 64, 42, 41, 44, 92, 19, 96, 77, 50, 43, 88, 23, 22, 55, 24, 18, 78, 13, 82, 51] - distance: 39214.48
[89, 60, 74, 20, 69, 26, 62, 5, 67, 40, 39, 70, 53, 73, 85, 65, 88, 23, 22, 55, 24, 77, 16, 42, 82, 64, 14, 38, 68, 10, 86, 49, 30, 75, 93, 11, 3, 61, 94, 57, 27, 1, 95, 28, 91, 97, 76, 35, 66, 87, 83, 4, 6, 15, 33, 51, 48, 31, 63, 81, 56, 100, 21, 98, 29, 8, 99, 34, 54, 52, 58, 7, 84, 43, 50, 2, 13, 41, 44, 92, 19, 96, 37, 72, 46, 25, 9, 71, 12, 90, 80, 79, 47, 18, 45, 36, 17, 78, 32, 59] - distance: 44899.02
[52, 58, 94, 27, 34, 37, 65, 47, 88, 23, 22, 19, 92, 44, 41, 36, 96, 46, 90, 1, 25, 9, 84, 7, 80, 20, 86, 40, 67, 5, 54, 43, 89, 87, 60, 74, 57, 75, 26, 69, 49, 21, 95, 98, 12, 71, 35, 66, 15, 51, 48, 31, 63, 82, 83, 76, 99, 97, 91, 28, 85, 73, 62, 100, 56, 81, 79, 30, 29, 8, 3, 11, 93, 10, 38, 72, 77, 18, 24, 55, 39, 70, 53, 68, 4, 6, 33, 64, 16, 50, 61, 59, 32, 45, 17, 78, 13, 2, 42, 14] - distance: 51039.8
---
BEST SOLUTION
[45, 36, 17, 63, 31, 48, 2, 16, 81, 56, 62, 69, 3, 91, 97, 99, 8, 29, 32, 98, 27, 57, 66, 4, 6, 15, 33, 83, 87, 93, 11, 28, 76, 59, 35, 61, 94, 74, 60, 7, 58, 72, 80, 20, 21, 90, 1, 95, 67, 5, 75, 25, 9, 34, 84, 54, 37, 47, 65, 79, 100, 26, 30, 46, 71, 12, 85, 73, 53, 70, 39, 40, 10, 68, 49, 86, 38, 52, 89, 14, 64, 42, 41, 44, 92, 19, 96, 77, 50, 43, 88, 23, 22, 55, 24, 18, 78, 13, 82, 51] - distance: 39214.48
Average distance - 46213
---