Filename: kroB100.tsp
No. of experiments: 20
No. of iterations per experiment: 50
No. of iterations in Tabu: 10
[85, 73, 93, 11, 91, 28, 99, 3, 34, 52, 87, 83, 33, 15, 6, 67, 5, 75, 30, 38, 80, 65, 47, 81, 79, 20, 27, 71, 29, 8, 59, 97, 76, 51, 31, 12, 98, 32, 90, 21, 9, 57, 66, 64, 42, 14, 100, 62, 69, 86, 49, 95, 1, 46, 25, 74, 89, 43, 60, 94, 40, 53, 70, 39, 68, 10, 61, 35, 4, 82, 2, 18, 77, 55, 50, 24, 92, 19, 44, 36, 17, 41, 13, 78, 37, 72, 7, 84, 58, 54, 96, 45, 22, 88, 26, 56, 23, 16, 48, 63] - distance: 55933.53
[61, 35, 99, 28, 11, 65, 23, 22, 88, 34, 71, 1, 95, 27, 94, 66, 6, 83, 15, 33, 4, 20, 86, 80, 46, 74, 87, 60, 26, 62, 5, 67, 70, 68, 21, 25, 9, 92, 44, 96, 47, 75, 90, 12, 98, 57, 58, 7, 89, 82, 51, 31, 48, 63, 78, 41, 45, 19, 17, 36, 18, 16, 14, 13, 2, 42, 64, 32, 59, 91, 85, 73, 84, 43, 50, 38, 3, 93, 10, 49, 30, 37, 72, 54, 52, 56, 100, 69, 40, 39, 53, 29, 8, 76, 97, 79, 81, 55, 77, 24] - distance: 57048.52
[77, 24, 78, 16, 42, 6, 4, 29, 59, 93, 73, 85, 10, 1, 90, 74, 45, 36, 96, 88, 47, 69, 70, 53, 40, 26, 30, 20, 23, 22, 72, 100, 62, 81, 65, 54, 84, 7, 58, 34, 61, 35, 12, 98, 21, 39, 67, 5, 68, 86, 49, 75, 56, 79, 55, 13, 48, 31, 80, 38, 37, 89, 83, 14, 82, 51, 15, 33, 2, 92, 44, 19, 18, 43, 50, 17, 41, 63, 64, 71, 8, 99, 91, 28, 11, 3, 76, 97, 32, 95, 46, 25, 9, 27, 60, 87, 66, 94, 57, 52] - distance: 53143.87
[51, 63, 2, 82, 6, 4, 14, 78, 45, 24, 77, 50, 55, 18, 16, 64, 87, 89, 74, 27, 71, 12, 98, 21, 10, 86, 80, 30, 75, 56, 81, 47, 54, 95, 59, 29, 8, 73, 85, 1, 83, 42, 13, 31, 48, 66, 60, 90, 58, 43, 17, 36, 19, 96, 92, 23, 7, 84, 94, 57, 34, 9, 79, 65, 37, 33, 15, 100, 62, 69, 46, 25, 99, 91, 93, 11, 3, 61, 35, 32, 76, 97, 28, 53, 39, 67, 5, 26, 22, 88, 72, 49, 40, 70, 68, 20, 38, 52, 41, 44] - distance: 55712.9
[28, 91, 35, 82, 64, 47, 81, 79, 100, 67, 40, 55, 77, 13, 48, 31, 63, 24, 62, 5, 53, 39, 70, 74, 87, 6, 4, 94, 20, 80, 96, 92, 19, 44, 45, 78, 33, 15, 66, 12, 59, 29, 98, 34, 50, 16, 2, 42, 14, 83, 60, 61, 21, 86, 69, 49, 38, 37, 22, 88, 23, 54, 43, 89, 84, 58, 72, 68, 10, 30, 75, 65, 52, 7, 9, 25, 46, 90, 1, 32, 8, 95, 56, 26, 11, 93, 85, 73, 3, 97, 76, 99, 71, 27, 57, 18, 36, 17, 41, 51] - distance: 57695.8
[44, 36, 19, 92, 55, 54, 38, 20, 80, 43, 89, 95, 32, 59, 12, 90, 25, 62, 67, 5, 8, 99, 97, 91, 28, 76, 66, 4, 6, 15, 35, 61, 58, 7, 84, 77, 16, 48, 31, 50, 88, 47, 37, 34, 46, 10, 70, 53, 69, 81, 79, 65, 75, 72, 23, 22, 52, 57, 27, 71, 94, 74, 60, 87, 83, 64, 24, 18, 33, 82, 51, 41, 17, 13, 63, 14, 42, 2, 78, 45, 96, 9, 3, 11, 93, 29, 98, 26, 100, 56, 30, 49, 86, 21, 68, 40, 39, 73, 85, 1] - distance: 52145.48
[44, 17, 45, 65, 20, 38, 80, 18, 36, 41, 77, 24, 52, 58, 7, 84, 34, 37, 72, 25, 9, 46, 86, 5, 62, 15, 31, 51, 27, 8, 93, 53, 39, 73, 85, 11, 28, 91, 29, 35, 61, 10, 40, 67, 70, 49, 82, 48, 63, 78, 13, 14, 87, 89, 83, 4, 66, 94, 57, 79, 47, 23, 55, 43, 50, 88, 81, 56, 26, 100, 68, 3, 97, 99, 21, 30, 92, 19, 96, 22, 69, 75, 90, 1, 95, 12, 98, 32, 76, 59, 71, 54, 16, 2, 42, 64, 33, 6, 60, 74] - distance: 58196.09
[95, 98, 90, 21, 1, 29, 99, 97, 76, 93, 11, 85, 10, 49, 69, 67, 5, 62, 72, 96, 92, 19, 41, 44, 55, 39, 53, 68, 47, 81, 65, 79, 56, 100, 75, 80, 86, 32, 8, 59, 61, 94, 57, 43, 50, 14, 42, 2, 16, 23, 22, 88, 37, 38, 20, 34, 83, 33, 82, 51, 17, 36, 45, 13, 78, 54, 9, 25, 27, 71, 12, 46, 52, 24, 77, 18, 6, 66, 35, 28, 91, 3, 73, 70, 40, 26, 30, 58, 7, 84, 89, 64, 48, 63, 31, 87, 74, 60, 4, 15] - distance: 50285.87
[74, 66, 94, 71, 1, 10, 73, 11, 97, 91, 3, 68, 86, 57, 14, 64, 27, 98, 29, 99, 59, 8, 40, 5, 69, 20, 38, 21, 90, 34, 58, 84, 95, 76, 32, 45, 92, 44, 36, 17, 41, 19, 96, 24, 18, 78, 13, 63, 48, 31, 2, 100, 62, 65, 77, 16, 33, 15, 61, 35, 7, 54, 43, 89, 50, 55, 81, 26, 56, 79, 47, 22, 23, 88, 80, 30, 75, 49, 9, 25, 83, 6, 4, 87, 60, 52, 37, 72, 46, 12, 53, 70, 39, 67, 85, 93, 28, 42, 82, 51] - distance: 55873.49
[4, 66, 35, 98, 12, 49, 20, 30, 75, 62, 26, 40, 39, 70, 5, 67, 57, 60, 44, 19, 96, 9, 46, 29, 97, 91, 59, 32, 11, 93, 3, 71, 25, 34, 58, 84, 47, 81, 79, 86, 1, 95, 10, 73, 53, 68, 69, 56, 100, 65, 80, 38, 72, 37, 42, 2, 78, 13, 48, 31, 82, 64, 77, 18, 24, 92, 36, 41, 63, 14, 52, 54, 7, 87, 43, 89, 74, 94, 99, 28, 85, 8, 76, 61, 50, 55, 23, 22, 88, 45, 17, 16, 27, 90, 21, 83, 6, 33, 15, 51] - distance: 52086.07
[22, 23, 88, 20, 80, 81, 56, 75, 94, 66, 33, 15, 6, 79, 62, 40, 70, 53, 86, 96, 36, 41, 17, 45, 18, 43, 54, 7, 57, 84, 47, 65, 30, 38, 21, 3, 85, 26, 100, 69, 73, 93, 11, 61, 87, 83, 48, 51, 82, 27, 12, 98, 1, 90, 95, 91, 28, 32, 71, 60, 2, 29, 99, 76, 97, 8, 59, 35, 4, 31, 63, 13, 78, 74, 14, 64, 42, 89, 37, 72, 55, 19, 44, 92, 24, 77, 16, 50, 52, 58, 34, 46, 10, 68, 39, 67, 5, 49, 9, 25] - distance: 58026.87
[51, 15, 48, 63, 31, 13, 78, 96, 77, 50, 72, 38, 25, 46, 21, 85, 11, 93, 12, 34, 57, 18, 24, 89, 74, 60, 7, 84, 27, 91, 28, 97, 8, 76, 59, 35, 33, 6, 66, 98, 29, 32, 9, 64, 82, 42, 17, 36, 45, 16, 87, 61, 71, 86, 75, 30, 58, 52, 54, 37, 20, 49, 68, 10, 1, 4, 83, 43, 80, 53, 73, 3, 99, 95, 90, 94, 14, 2, 41, 92, 19, 44, 55, 56, 100, 40, 70, 39, 67, 5, 62, 69, 26, 79, 65, 81, 47, 88, 22, 23] - distance: 53060.46
[71, 12, 98, 95, 3, 67, 5, 70, 39, 40, 69, 30, 72, 37, 26, 85, 11, 93, 28, 57, 64, 42, 14, 82, 63, 41, 36, 94, 35, 8, 91, 73, 53, 68, 10, 21, 61, 27, 84, 23, 22, 2, 13, 96, 44, 45, 7, 34, 86, 49, 52, 43, 50, 16, 83, 89, 81, 79, 38, 1, 90, 9, 46, 58, 55, 77, 18, 24, 47, 80, 20, 75, 65, 19, 92, 88, 54, 25, 99, 97, 29, 32, 74, 60, 87, 66, 4, 6, 15, 33, 51, 31, 48, 78, 17, 100, 56, 62, 76, 59] - distance: 58551.95
[26, 69, 100, 31, 63, 13, 80, 38, 20, 94, 60, 14, 33, 66, 32, 29, 76, 98, 12, 71, 35, 74, 6, 15, 78, 92, 44, 41, 27, 11, 3, 93, 39, 70, 67, 65, 88, 96, 19, 50, 43, 54, 22, 23, 77, 17, 36, 45, 87, 7, 84, 52, 16, 18, 24, 47, 75, 30, 21, 1, 95, 90, 10, 68, 86, 72, 37, 9, 25, 58, 89, 82, 64, 61, 85, 73, 53, 49, 83, 51, 48, 4, 57, 46, 99, 8, 59, 34, 42, 2, 55, 81, 79, 56, 62, 5, 40, 28, 91, 97] - distance: 65021.56
[29, 76, 5, 67, 30, 38, 34, 9, 12, 72, 37, 4, 15, 6, 7, 69, 26, 62, 56, 100, 81, 44, 96, 92, 19, 36, 77, 28, 91, 27, 89, 83, 64, 2, 78, 16, 42, 48, 31, 63, 51, 52, 84, 21, 86, 20, 75, 49, 68, 10, 73, 85, 11, 53, 39, 70, 40, 80, 46, 25, 58, 54, 55, 88, 23, 22, 65, 90, 95, 98, 71, 57, 87, 66, 74, 60, 43, 14, 33, 82, 13, 17, 41, 45, 18, 24, 50, 47, 79, 1, 32, 3, 93, 8, 59, 97, 99, 35, 61, 94] - distance: 52674.67
[45, 16, 77, 56, 100, 22, 55, 50, 6, 4, 66, 76, 59, 97, 3, 93, 11, 73, 28, 91, 95, 1, 7, 82, 51, 48, 31, 63, 17, 44, 19, 92, 10, 40, 75, 65, 72, 37, 20, 38, 49, 86, 68, 25, 90, 21, 47, 79, 35, 61, 32, 98, 8, 99, 29, 85, 53, 39, 70, 81, 23, 88, 36, 96, 41, 78, 64, 14, 43, 34, 46, 9, 57, 54, 52, 84, 58, 13, 2, 42, 15, 33, 83, 87, 60, 74, 89, 24, 18, 94, 27, 71, 12, 69, 26, 62, 80, 30, 5, 67] - distance: 53236.15
[88, 22, 71, 1, 10, 68, 81, 47, 79, 75, 30, 49, 26, 100, 23, 55, 77, 24, 50, 87, 60, 74, 34, 9, 46, 40, 70, 53, 39, 67, 5, 62, 7, 84, 94, 35, 61, 27, 57, 58, 36, 96, 18, 16, 89, 43, 52, 69, 56, 65, 82, 48, 31, 63, 13, 2, 78, 44, 41, 51, 6, 32, 76, 29, 99, 59, 64, 17, 45, 42, 14, 66, 97, 91, 28, 8, 38, 20, 11, 3, 90, 25, 19, 92, 83, 4, 54, 37, 72, 80, 86, 21, 95, 12, 98, 85, 73, 93, 15, 33] - distance: 59386.46
[46, 9, 66, 4, 15, 82, 63, 31, 42, 64, 74, 94, 61, 35, 34, 72, 37, 79, 75, 30, 49, 38, 88, 22, 23, 24, 92, 96, 45, 18, 12, 76, 59, 71, 27, 87, 50, 77, 16, 43, 54, 52, 58, 68, 40, 39, 70, 53, 10, 25, 60, 6, 33, 83, 47, 81, 67, 73, 11, 93, 28, 91, 97, 99, 32, 95, 90, 21, 85, 3, 86, 80, 20, 1, 29, 8, 98, 57, 55, 19, 44, 13, 2, 65, 56, 26, 100, 62, 5, 69, 7, 84, 89, 14, 51, 48, 78, 36, 17, 41] - distance: 51441.45
[98, 1, 49, 86, 38, 27, 35, 66, 4, 6, 83, 50, 43, 52, 89, 14, 42, 2, 45, 36, 92, 96, 72, 11, 3, 91, 28, 97, 15, 13, 16, 37, 56, 26, 90, 29, 8, 99, 21, 100, 69, 75, 54, 88, 22, 65, 70, 39, 40, 59, 32, 76, 71, 94, 7, 57, 61, 10, 53, 73, 46, 9, 93, 85, 95, 12, 24, 18, 31, 48, 51, 63, 64, 87, 60, 74, 84, 58, 34, 25, 80, 20, 30, 62, 5, 67, 68, 33, 82, 77, 55, 81, 79, 47, 23, 19, 44, 41, 17, 78] - distance: 58343.15
[35, 94, 57, 24, 96, 45, 36, 16, 61, 21, 40, 53, 85, 68, 22, 23, 88, 72, 56, 100, 10, 3, 28, 97, 29, 98, 86, 69, 75, 38, 49, 30, 20, 80, 37, 65, 26, 62, 5, 67, 70, 39, 1, 95, 71, 7, 84, 93, 73, 58, 54, 52, 25, 76, 99, 11, 81, 79, 47, 64, 31, 51, 48, 2, 74, 9, 12, 59, 32, 8, 91, 90, 46, 27, 34, 43, 77, 17, 41, 78, 63, 13, 19, 92, 44, 18, 55, 50, 89, 83, 33, 15, 14, 42, 82, 66, 60, 87, 6, 4] - distance: 54533.71
---
BEST SOLUTION
[95, 98, 90, 21, 1, 29, 99, 97, 76, 93, 11, 85, 10, 49, 69, 67, 5, 62, 72, 96, 92, 19, 41, 44, 55, 39, 53, 68, 47, 81, 65, 79, 56, 100, 75, 80, 86, 32, 8, 59, 61, 94, 57, 43, 50, 14, 42, 2, 16, 23, 22, 88, 37, 38, 20, 34, 83, 33, 82, 51, 17, 36, 45, 13, 78, 54, 9, 25, 27, 71, 12, 46, 52, 24, 77, 18, 6, 66, 35, 28, 91, 3, 73, 70, 40, 26, 30, 58, 7, 84, 89, 64, 48, 63, 31, 87, 74, 60, 4, 15] - distance: 50285.87
Average distance - 55620
---