Filename: kroB100.tsp
No. of experiments: 10
No. of iterations per experiment: 10
No. of iterations in Tabu: 10
[92, 6, 78, 28, 88, 34, 40, 77, 71, 27, 63, 70, 18, 67, 51, 35, 100, 48, 42, 84, 76, 21, 55, 24, 81, 17, 90, 66, 49, 38, 8, 3, 32, 14, 37, 99, 25, 2, 83, 60, 96, 54, 97, 4, 95, 41, 52, 82, 62, 68, 50, 45, 20, 19, 13, 7, 44, 69, 36, 57, 98, 93, 79, 30, 33, 86, 53, 47, 15, 58, 5, 9, 91, 10, 85, 43, 39, 46, 23, 22, 75, 11, 26, 74, 59, 1, 87, 94, 64, 80, 16, 29, 65, 12, 89, 73, 61, 56, 31, 72] - distance: 176020.84
[54, 36, 21, 73, 91, 88, 75, 71, 63, 58, 1, 97, 26, 15, 13, 55, 41, 43, 32, 100, 90, 6, 28, 14, 82, 23, 2, 92, 87, 85, 9, 39, 83, 56, 27, 94, 57, 86, 17, 24, 7, 65, 79, 25, 52, 60, 5, 31, 96, 66, 68, 35, 44, 62, 59, 89, 49, 8, 53, 51, 95, 18, 10, 69, 93, 84, 50, 30, 40, 20, 61, 76, 19, 81, 38, 33, 70, 29, 47, 48, 37, 99, 12, 22, 46, 67, 72, 78, 16, 74, 3, 45, 80, 64, 77, 4, 42, 11, 34, 98] - distance: 168196.42
[71, 93, 94, 51, 34, 30, 13, 75, 83, 81, 100, 43, 98, 7, 15, 82, 67, 42, 33, 68, 11, 96, 25, 37, 76, 16, 59, 26, 53, 78, 58, 77, 38, 64, 36, 3, 4, 10, 80, 41, 23, 79, 49, 84, 54, 39, 2, 85, 74, 31, 9, 66, 28, 48, 6, 97, 55, 61, 88, 29, 95, 21, 20, 47, 52, 87, 24, 50, 99, 45, 90, 8, 44, 27, 65, 1, 32, 92, 60, 63, 14, 62, 70, 69, 5, 73, 17, 18, 19, 35, 46, 91, 86, 22, 57, 40, 56, 89, 12, 72] - distance: 173039.2
[48, 17, 56, 96, 73, 92, 94, 84, 62, 47, 97, 100, 37, 53, 20, 15, 98, 14, 28, 60, 42, 2, 7, 88, 72, 75, 40, 3, 33, 45, 99, 71, 79, 54, 25, 16, 59, 87, 27, 80, 13, 4, 34, 70, 26, 11, 9, 86, 81, 21, 58, 66, 43, 5, 49, 10, 19, 83, 52, 63, 77, 90, 30, 89, 29, 8, 61, 93, 38, 46, 35, 24, 36, 76, 12, 67, 64, 82, 65, 95, 69, 91, 44, 6, 31, 23, 57, 74, 68, 51, 41, 22, 1, 18, 85, 50, 39, 32, 55, 78] - distance: 159928.35
[36, 13, 94, 89, 61, 91, 26, 78, 67, 25, 97, 5, 31, 14, 68, 24, 83, 82, 29, 6, 75, 4, 77, 86, 50, 33, 99, 38, 81, 84, 65, 69, 17, 51, 39, 23, 53, 70, 74, 47, 71, 9, 41, 18, 40, 35, 19, 49, 95, 16, 42, 55, 1, 98, 37, 80, 43, 2, 88, 79, 32, 60, 66, 52, 27, 34, 96, 54, 59, 63, 56, 30, 8, 12, 28, 93, 92, 87, 11, 20, 73, 48, 90, 3, 45, 64, 10, 15, 76, 57, 62, 44, 100, 22, 58, 7, 85, 46, 21, 72] - distance: 167400.8
[74, 69, 4, 62, 42, 51, 25, 57, 68, 33, 64, 21, 41, 98, 19, 91, 99, 61, 2, 40, 23, 72, 73, 17, 78, 86, 12, 3, 18, 71, 29, 9, 16, 87, 66, 36, 49, 82, 30, 80, 63, 89, 39, 35, 43, 14, 27, 81, 60, 22, 52, 10, 24, 54, 32, 50, 15, 11, 45, 47, 34, 8, 76, 84, 5, 56, 97, 92, 96, 58, 90, 38, 100, 55, 13, 44, 1, 6, 37, 94, 75, 28, 7, 77, 79, 53, 70, 88, 83, 65, 67, 93, 26, 31, 46, 48, 59, 20, 85, 95] - distance: 172978.11
[15, 93, 14, 78, 38, 28, 74, 89, 49, 90, 88, 20, 99, 13, 36, 82, 67, 86, 55, 32, 48, 24, 63, 3, 30, 21, 35, 79, 1, 73, 98, 7, 62, 56, 34, 25, 91, 87, 96, 26, 70, 57, 94, 61, 9, 39, 33, 97, 72, 80, 58, 59, 5, 37, 81, 12, 95, 66, 85, 43, 4, 60, 42, 16, 92, 83, 31, 17, 40, 75, 54, 69, 65, 52, 51, 47, 68, 18, 41, 10, 11, 23, 64, 84, 53, 76, 22, 44, 6, 77, 100, 71, 8, 2, 29, 27, 45, 19, 50, 46] - distance: 152194.36
[40, 26, 10, 52, 41, 1, 5, 72, 14, 79, 98, 7, 62, 34, 4, 8, 36, 88, 57, 89, 21, 25, 85, 45, 43, 31, 99, 69, 22, 20, 46, 13, 78, 95, 39, 53, 100, 33, 56, 15, 77, 73, 75, 76, 47, 9, 81, 38, 58, 74, 90, 55, 93, 84, 80, 6, 12, 44, 29, 61, 16, 42, 92, 71, 66, 63, 37, 94, 67, 27, 64, 68, 3, 83, 48, 86, 87, 70, 91, 35, 24, 97, 32, 54, 19, 96, 17, 82, 28, 65, 49, 30, 2, 60, 11, 50, 51, 59, 23, 18] - distance: 167871.95
[99, 93, 26, 12, 25, 95, 55, 32, 19, 21, 85, 40, 71, 73, 86, 16, 31, 49, 22, 79, 82, 42, 18, 89, 35, 63, 2, 33, 28, 92, 14, 77, 20, 83, 81, 54, 57, 30, 43, 96, 15, 90, 4, 52, 87, 38, 27, 78, 29, 41, 45, 56, 47, 84, 3, 36, 88, 61, 46, 76, 13, 62, 44, 39, 69, 59, 100, 74, 94, 37, 58, 11, 98, 9, 68, 97, 75, 70, 48, 7, 66, 24, 6, 23, 65, 10, 8, 53, 67, 72, 17, 1, 50, 64, 91, 60, 5, 51, 34, 80] - distance: 161495.55
[45, 11, 68, 17, 20, 8, 30, 65, 80, 10, 53, 54, 46, 18, 76, 88, 69, 83, 33, 87, 79, 19, 96, 91, 14, 16, 43, 73, 44, 28, 94, 74, 64, 36, 62, 71, 67, 63, 15, 56, 81, 61, 2, 4, 5, 100, 27, 6, 58, 89, 85, 78, 35, 55, 66, 92, 38, 95, 3, 9, 59, 75, 93, 25, 84, 52, 13, 77, 51, 57, 12, 22, 49, 7, 23, 21, 70, 82, 47, 29, 37, 86, 99, 97, 32, 42, 39, 41, 1, 90, 48, 34, 26, 40, 50, 60, 98, 31, 72, 24] - distance: 167740.86
---
BEST SOLUTION
[15, 93, 14, 78, 38, 28, 74, 89, 49, 90, 88, 20, 99, 13, 36, 82, 67, 86, 55, 32, 48, 24, 63, 3, 30, 21, 35, 79, 1, 73, 98, 7, 62, 56, 34, 25, 91, 87, 96, 26, 70, 57, 94, 61, 9, 39, 33, 97, 72, 80, 58, 59, 5, 37, 81, 12, 95, 66, 85, 43, 4, 60, 42, 16, 92, 83, 31, 17, 40, 75, 54, 69, 65, 52, 51, 47, 68, 18, 41, 10, 11, 23, 64, 84, 53, 76, 22, 44, 6, 77, 100, 71, 8, 2, 29, 27, 45, 19, 50, 46] - distance: 152194.36
Average distance - 166687
---